Instancia 			 Tiempo de solucion 	   Nodos expandidos       Distancia	
-----------------------------------------------------------------------------
Resultados de IDA*
7 15 8 2 13 6 3 12 11 0 4 10 9 5 1 14  	 True 	 1.357497 	 3353404 		 53
14 13 15 7 11 12 9 5 6 0 2 1 4 8 10 3  	 True 	 31.912586 	 77420556 		 57
13 5 4 10 9 12 8 14 2 3 7 1 0 15 11 6  	 True 	 0.456571 	 1076767 		 55
14 7 8 2 13 11 10 4 9 12 5 0 3 6 1 15  	 True 	 45.731724 	 100193266 		 59
5 12 10 7 15 11 14 0 8 2 1 13 3 4 9 6  	 True 	 10.114352 	 20947830 		 56
4 7 14 13 10 3 9 12 11 5 6 15 1 2 8 0  	 True 	 0.700555 	 1420095 		 56
14 7 1 9 12 3 6 15 8 11 2 5 10 0 4 13  	 True 	 4.213267 	 8472449 		 52
2 11 15 5 13 4 6 7 12 8 10 1 9 3 14 0  	 True 	 41.225109 	 84954671 		 52
12 11 15 3 8 0 4 2 6 13 9 5 14 1 10 7  	 True 	 6.966714 	 14700506 		 50
3 14 9 11 5 4 8 2 13 12 6 7 10 1 15 0  	 True 	 0.125658 	 252954 		 46
13 11 8 9 0 15 7 10 4 3 6 14 5 12 2 1  	 True 	 20.875399 	 44048341 		 59
5 9 13 14 6 3 7 12 10 8 4 0 15 2 11 1  	 True 	 12.153965 	 25663549 		 57
14 1 9 6 4 8 12 5 7 2 3 0 10 11 13 15  	 True 	 0.088811 	 174848 		 45
3 6 5 2 10 0 15 14 1 4 13 12 9 8 11 7  	 True 	 0.400046 	 906155 		 46
7 6 8 1 11 5 14 10 3 4 9 13 15 2 0 12  	 True 	 19.469904 	 38277791 		 59
13 11 4 12 1 8 9 15 6 5 14 2 7 3 10 0  	 True 	 62.831425 	 132488973 		 62
1 3 2 5 10 9 15 6 8 14 13 11 12 4 7 0  	 True 	 0.966178 	 2070143 		 42
15 14 0 4 11 1 6 13 7 5 8 9 3 2 10 12  	 True 	 127.375359 	 270467849 		 66
6 0 14 12 1 15 9 10 11 4 7 2 8 3 5 13  	 True 	 5.323259 	 11503614 		 55
7 11 8 3 14 0 6 15 1 4 13 9 5 12 2 10  	 True 	 0.280306 	 594720 		 46
6 12 11 3 13 7 9 15 2 14 8 10 4 1 5 0  	 True 	 4.096598 	 8079205 		 52
12 8 14 6 11 4 7 0 5 1 10 15 3 13 9 2  	 True 	 11.596218 	 24479681 		 54
14 3 9 1 15 8 4 5 11 7 10 13 0 2 12 6  	 True 	 23.076075 	 47314058 		 59
10 9 3 11 0 13 2 14 5 6 4 7 8 15 1 12  	 True 	 0.516061 	 914885 		 49
7 3 14 13 4 1 10 8 5 12 9 11 2 15 6 0  	 True 	 6.401194 	 12960571 		 54
11 4 2 7 1 0 10 15 6 9 14 8 3 13 5 12  	 True 	 3.186470 	 6885954 		 52
5 7 3 12 15 13 14 8 0 10 9 6 1 4 2 11  	 True 	 21.771608 	 44135902 		 58
14 1 8 15 2 6 0 3 9 12 10 13 4 7 5 11  	 True 	 15.625481 	 29426350 		 53
13 14 6 12 4 5 1 0 9 3 10 2 15 11 8 7  	 True 	 0.898321 	 1675087 		 52
9 8 0 2 15 1 4 14 3 10 7 5 11 13 6 12  	 True 	 1.053047 	 2159428 		 54
12 15 2 6 1 14 4 8 5 3 7 0 10 13 9 11  	 True 	 0.161573 	 292356 		 47
12 8 15 13 1 0 5 4 6 3 2 11 9 7 14 10  	 True 	 0.121083 	 225633 		 50
14 10 9 4 13 6 5 8 2 12 7 0 1 3 11 15  	 True 	 61.020020 	 123443232 		 59
14 3 5 15 11 6 13 9 0 10 2 12 4 1 7 8  	 True 	 18.203892 	 35594579 		 60
6 11 7 8 13 2 5 4 1 10 3 9 14 0 12 15  	 True 	 0.492466 	 1023051 		 52
1 6 12 14 3 2 15 8 4 5 13 9 0 7 11 10  	 True 	 4.405759 	 9408077 		 55
12 6 0 4 7 3 15 1 13 9 8 11 2 14 5 10  	 True 	 3.957100 	 8100602 		 52
8 1 7 12 11 0 10 5 9 15 6 13 14 2 3 4  	 True 	 16.892296 	 33487690 		 58
9 0 4 10 1 14 15 3 12 6 5 7 11 13 8 2  	 True 	 1.278245 	 2525501 		 49
11 5 1 14 4 12 10 0 2 7 13 3 9 15 6 8  	 True 	 5.264665 	 10152324 		 54
8 13 10 9 11 3 15 6 0 1 2 14 12 5 4 7  	 True 	 9.603477 	 19809787 		 54
4 5 7 2 9 14 12 13 0 3 6 11 8 1 15 10  	 True 	 0.058719 	 114472 		 42
11 15 14 13 1 9 10 4 3 6 2 12 7 5 8 0  	 True 	 3.932579 	 8321528 		 64
12 9 0 6 8 3 5 14 2 4 11 7 10 1 15 13  	 True 	 2.954523 	 6033591 		 50
3 14 9 7 12 15 0 4 1 8 5 6 11 10 2 13  	 True 	 1.234807 	 2463841 		 51
8 4 6 1 14 12 2 15 13 10 9 5 3 7 0 11  	 True 	 0.600028 	 1231659 		 49
6 10 1 14 15 8 3 5 13 0 2 7 4 9 11 12  	 True 	 0.163511 	 311833 		 47
8 11 4 6 7 3 10 9 2 12 15 13 0 1 5 14  	 True 	 0.082651 	 154606 		 49
10 0 2 4 5 1 6 12 11 13 9 7 15 3 14 8  	 True 	 50.390942 	 101858205 		 59
12 5 13 11 2 10 0 9 7 8 4 3 14 6 15 1  	 True 	 1.765448 	 3268952 		 53
10 2 8 4 15 0 1 14 11 13 3 6 9 7 5 12  	 True 	 0.785509 	 1618962 		 56
10 8 0 12 3 7 6 2 1 14 4 11 15 13 9 5  	 True 	 22.388298 	 43812055 		 56
14 9 12 13 15 4 8 10 0 2 1 7 3 11 5 6  	 True 	 32.962952 	 62346329 		 64
12 11 0 8 10 2 13 15 5 4 7 3 6 9 14 1  	 True 	 16.584904 	 30685008 		 56
13 8 14 3 9 1 0 7 15 5 4 10 12 2 6 11  	 True 	 0.094754 	 170686 		 41
3 15 2 5 11 6 4 7 12 9 1 0 13 14 10 8  	 True 	 52.328735 	 106066390 		 55
5 11 6 9 4 13 12 0 8 2 15 10 1 7 3 14  	 True 	 0.273692 	 567913 		 50
5 0 15 8 4 6 1 14 10 11 3 9 7 12 2 13  	 True 	 0.273744 	 548260 		 51
15 14 6 7 10 1 0 11 12 8 4 9 2 5 13 3  	 True 	 169.373459 	 340164487 		 57
11 14 13 1 2 3 12 4 15 7 9 5 10 6 8 0  	 True 	 93.555145 	 218057935 		 66
6 13 3 2 11 9 5 10 1 7 12 14 8 4 0 15  	 True 	 0.458089 	 1187366 		 45
4 6 12 0 14 2 9 13 11 8 3 15 7 10 1 5  	 True 	 8.145329 	 20904918 		 57
8 10 9 11 14 1 7 15 13 4 0 12 6 2 5 3  	 True 	 110.326416 	 255283767 		 56
5 2 14 0 7 8 6 3 11 12 13 15 4 10 9 1  	 True 	 13.454743 	 27832432 		 51
7 8 3 2 10 12 4 6 11 13 5 15 0 1 9 14  	 True 	 0.733652 	 1639412 		 47
11 6 14 12 3 5 1 15 8 0 10 13 9 7 4 2  	 True 	 246.290848 	 516147307 		 61
7 1 2 4 8 3 6 11 10 15 0 5 14 12 13 9  	 True 	 6.978408 	 15210353 		 50
7 3 1 13 12 10 5 2 8 0 6 11 14 15 4 9  	 True 	 4.185870 	 8879561 		 51
6 0 5 15 1 14 4 9 2 13 8 10 11 12 7 3  	 True 	 11.230810 	 24592290 		 53
15 1 3 12 4 0 6 5 2 8 14 9 13 10 7 11  	 True 	 9.976765 	 21148482 		 52
5 7 0 11 12 1 9 10 15 6 2 3 8 4 13 14  	 True 	 0.423660 	 852925 		 44
12 15 11 10 4 5 14 0 13 7 1 2 9 8 3 6  	 True 	 153.781204 	 341376426 		 56
6 14 10 5 15 8 7 1 3 4 2 0 12 9 11 13  	 True 	 0.349427 	 791788 		 49
14 13 4 11 15 8 6 9 0 7 3 1 2 10 12 5  	 True 	 0.188535 	 405100 		 56
14 4 0 10 6 5 1 3 9 2 13 15 12 7 8 11  	 True 	 2.138726 	 4630562 		 48
15 10 8 3 0 6 9 5 1 14 13 11 7 2 12 4  	 True 	 5.263672 	 11514994 		 57
0 13 2 4 12 14 6 9 15 1 10 3 11 5 8 7  	 True 	 2.047036 	 4572520 		 54
3 14 13 6 4 15 8 9 5 12 10 0 2 7 1 11  	 True 	 0.922555 	 2072197 		 53
0 1 9 7 11 13 5 3 14 12 4 2 8 6 10 15  	 True 	 0.105365 	 213782 		 42
11 0 15 8 13 12 3 5 10 1 4 6 14 9 7 2  	 True 	 4.027154 	 8871156 		 57
13 0 9 12 11 6 3 5 15 8 1 10 4 14 2 7  	 True 	 2.437747 	 5481910 		 53
14 10 2 1 13 9 8 11 7 3 6 12 15 5 4 0  	 True 	 54.138557 	 115969328 		 62
12 3 9 1 4 5 10 2 6 11 15 0 14 7 13 8  	 True 	 1.800074 	 3949509 		 49
15 8 10 7 0 12 14 1 5 9 6 3 13 11 4 2  	 True 	 21.369991 	 46220882 		 55
4 7 13 10 1 2 9 6 12 8 14 5 3 0 11 15  	 True 	 0.154607 	 327909 		 44
6 0 5 10 11 12 9 2 1 7 4 3 14 8 13 15  	 True 	 0.134345 	 281317 		 45
9 5 11 10 13 0 2 1 8 6 14 12 4 7 3 15  	 True 	 7.804738 	 15868897 		 52
15 2 12 11 14 13 9 5 1 3 8 7 0 10 6 4  - estado interrumpido - sobrepasa los 15 min
11 1 7 4 10 13 3 8 9 14 0 15 6 5 2 12  	 True 	 5.443533 	 12132695 		 54
5 4 7 1 11 12 14 15 10 13 8 6 2 0 9 3  	 True 	 0.850625 	 1982900 		 50
9 7 5 2 14 15 12 10 11 3 6 1 8 13 0 4  	 True 	 47.248707 	 100062235 		 57
3 2 7 9 0 15 12 4 6 11 5 14 8 13 10 1  	 True 	 23.573296 	 46814666 		 57
13 9 14 6 12 8 1 2 3 4 0 7 5 10 11 15  	 True 	 0.293373 	 594747 		 46
5 7 11 8 0 14 9 13 10 12 3 15 6 1 4 2  	 True 	 0.023881 	 49094 		 53
4 3 6 13 7 15 9 0 10 5 8 11 2 12 1 14  	 True 	 0.144744 	 299179 		 50
1 7 15 14 2 6 4 9 12 11 13 3 0 8 5 10  	 True 	 1.094027 	 2326937 		 49
9 14 5 7 8 15 1 2 10 4 13 6 12 0 11 3  	 True 	 0.225454 	 456016 		 44
0 11 3 12 5 2 1 9 8 10 14 15 7 4 13 6  	 True 	 37.977463 	 76682115 		 54
7 15 4 0 10 9 2 5 12 11 13 6 1 3 14 8  	 True 	 4.461887 	 9404197 		 57
11 4 0 8 6 10 5 13 12 7 14 3 1 2 9 15  	 True 	 13.202124 	 26757184 		 54

